index,0,1,2
26457,0.04741666666666667,0.1615714285714286,0.7910119047619049
26458,0.07733035714285715,0.3723363095238096,0.5503333333333331
26459,0.048208333333333325,0.060918650793650796,0.8908730158730159
26460,0.1585029761904762,0.185702380952381,0.655794642857143
26461,0.07075000000000001,0.12470833333333334,0.8045416666666667
26462,0.055458333333333325,0.11245833333333331,0.8320833333333334
26463,0.39897619047619065,0.6010238095238094,0.0
26464,0.03891666666666667,0.06562499999999999,0.8954583333333335
26465,0.042904761904761904,0.20095238095238094,0.7561428571428574
26466,0.06391666666666666,0.57575,0.36033333333333345
26467,0.0815625,0.15322916666666667,0.7652083333333334
26468,0.024958333333333336,0.03233333333333333,0.9427083333333333
26469,0.5173333333333333,0.1376845238095238,0.3449821428571429
26470,0.15263888888888888,0.2158720238095238,0.6314890873015874
26471,0.04323395612835098,0.13950991406354463,0.8172561298081044
26472,0.2228541666666667,0.2078095238095238,0.5693363095238094
26473,0.05116666666666667,0.03395833333333333,0.914875
26474,0.3817380952380953,0.6182619047619048,0.0
26475,0.4590039682539684,0.13889880952380954,0.40209722222222205
26476,0.038630952380952384,0.11653869047619049,0.844830357142857
26477,0.05963095238095239,0.1568928571428571,0.7834761904761904
26478,0.11137499999999999,0.07483333333333334,0.8137916666666666
26479,0.03702380952380953,0.12632142857142858,0.8366547619047622
26480,0.04688690476190477,0.05866666666666667,0.8944464285714285
26481,0.09473809523809522,0.35346428571428584,0.5517976190476191
26482,0.1609077380952381,0.12362500000000001,0.7154672619047621
26483,0.07366666666666667,0.2863333333333333,0.64
26484,0.13755059523809524,0.21871726190476193,0.6437321428571426
26485,0.04229166666666667,0.07297916666666668,0.8847291666666665
26486,0.09274999999999999,0.3317142857142857,0.5755357142857144
26487,0.10883333333333335,0.08183333333333334,0.8093333333333333
26488,0.09833333333333334,0.8596130952380951,0.042053571428571426
26489,0.01983333333333333,0.3238988095238095,0.6562678571428568
26490,0.07129954481792716,0.2532459733893558,0.6754544817927173
26491,0.011833333333333331,0.025333333333333333,0.9628333333333333
26492,0.042166666666666665,0.1900833333333334,0.7677499999999999
26493,0.5308273809523808,0.46667261904761914,0.0025
26494,0.09943452380952379,0.1343154761904762,0.7662499999999999
26495,0.12907440476190474,0.1564791666666667,0.7144464285714287
26496,0.16183531746031746,0.1147777777777778,0.7233869047619048
26497,0.08604761904761907,0.6614523809523809,0.2525
26498,0.37115277777777783,0.2541527777777777,0.37469444444444444
26499,0.029729090354090357,0.08336011904761906,0.8869107905982907
26500,0.10813392857142855,0.5488511904761907,0.3430148809523809
26501,0.12107142857142855,0.20845833333333338,0.6704702380952382
26502,0.03633928571428572,0.04545238095238095,0.9182083333333333
26503,0.2375535714285714,0.21047619047619048,0.551970238095238
26504,0.08377083333333334,0.2060565476190476,0.7101726190476191
26505,0.04390476190476191,0.12126190476190474,0.8348333333333331
26506,0.12223214285714286,0.8628035714285717,0.014964285714285715
26507,0.18107738095238093,0.8164226190476191,0.0025
26508,0.14377083333333338,0.37453273809523807,0.4816964285714285
26509,0.06783333333333333,0.13433333333333333,0.7978333333333335
26510,0.05104166666666668,0.2851547619047619,0.6638035714285715
26511,0.11708333333333332,0.1148549578059072,0.7680617088607594
26512,0.19168154761904765,0.1424375,0.6658809523809524
26513,0.055374999999999994,0.20736011904761906,0.7372648809523811
26514,0.15317261904761903,0.10955357142857144,0.7372738095238093
26515,0.5401994047619049,0.07125000000000002,0.3885505952380953
26516,0.0711875,0.25192361111111106,0.676888888888889
26517,0.31320833333333337,0.6867916666666666,0.0
26518,0.05429166666666667,0.17067261904761907,0.775035714285714
26519,0.5174642857142857,0.17738095238095236,0.3051547619047619
26520,0.03770833333333333,0.6686249999999998,0.29366666666666663
26521,0.0989166666666667,0.2628214285714286,0.6382619047619048
26522,0.08137499999999999,0.20550595238095237,0.7131190476190477
26523,0.12379464285714283,0.14355952380952386,0.7326458333333333
26524,0.06170833333333334,0.24820833333333334,0.6900833333333334
26525,0.26253571428571426,0.141014880952381,0.5964494047619047
26526,0.04828571428571429,0.10979166666666666,0.8419226190476189
26527,0.13313988095238102,0.4640565476190476,0.4028035714285715
26528,0.20605357142857147,0.7939464285714286,0.0
26529,0.370077380952381,0.06365476190476191,0.5662678571428571
26530,0.06716666666666665,0.21007142857142858,0.7227619047619046
26531,0.067125,0.044416666666666674,0.8884583333333335
26532,0.5836803846997796,0.06623015215878274,0.35008946314143763
26533,0.057249999999999995,0.09922619047619047,0.8435238095238096
26534,0.13479166666666667,0.15020238095238095,0.7150059523809524
26535,0.07820833333333334,0.11511904761904761,0.806672619047619
26536,0.25719642857142855,0.10799999999999998,0.6348035714285714
26537,0.068125,0.08857142857142858,0.8433035714285715
26538,0.042166666666666665,0.20751785714285714,0.7503154761904761
26539,0.057458333333333333,0.19579166666666661,0.7467500000000001
26540,0.2916130952380952,0.34779166666666655,0.360595238095238
26541,0.007065639269406393,0.034285256410256405,0.9586491043203372
26542,0.05723214285714286,0.21002083333333332,0.7327470238095236
26543,0.15919246031746032,0.153218253968254,0.6875892857142857
26544,0.18279464285714286,0.17407738095238096,0.6431279761904761
26545,0.055583333333333325,0.2667380952380952,0.6776785714285714
26546,0.045375,0.16383333333333333,0.7907916666666668
26547,0.035458333333333335,0.042749999999999996,0.9217916666666666
26548,0.07758333333333334,0.09416666666666666,0.82825
26549,0.4363511904761905,0.5636488095238096,0.0
26550,0.02008333333333333,0.38897294372294416,0.5909437229437227
26551,0.010083333333333333,0.4590535714285714,0.5308630952380952
26552,0.04333333333333332,0.1238035714285714,0.8328630952380953
26553,0.13154761904761908,0.1121875,0.756264880952381
26554,0.29724999999999996,0.4530833333333334,0.24966666666666662
26555,0.12221726190476184,0.04145833333333332,0.8363244047619048
26556,0.04020833333333333,0.22218749999999995,0.737604166666667
26557,0.10795348532494758,0.10461039982030547,0.7874361148547468
26558,0.5926785714285713,0.094875,0.3124464285714286
26559,0.20767857142857143,0.07265277777777779,0.7196686507936506
26560,0.08543750000000001,0.20204166666666662,0.7125208333333335
26561,0.0695,0.17971428571428574,0.7507857142857144
26562,0.10481249999999999,0.10822321428571428,0.7869642857142857
26563,0.1039702380952381,0.10807142857142857,0.7879583333333333
26564,0.027666666666666666,0.09333928571428572,0.8789940476190476
26565,0.03151984126984127,0.44361706349206353,0.5248630952380953
26566,0.15888275193798448,0.2180164728682171,0.6231007751937984
26567,0.06712499999999999,0.035750000000000004,0.8971250000000001
26568,0.18633333333333332,0.8045,0.009166666666666667
26569,0.04303571428571429,0.25745833333333334,0.6995059523809524
26570,0.1450416666666667,0.35730357142857144,0.497654761904762
26571,0.07041666666666667,0.05266666666666667,0.8769166666666665
26572,0.2569434523809524,0.2856696428571429,0.4573869047619048
26573,0.09856250000000001,0.18990376984126978,0.7115337301587303
26574,0.2524013157894737,0.05400657894736842,0.6935921052631582
26575,0.14487499999999998,0.1608214285714286,0.6943035714285714
26576,0.13047023809523808,0.08591964285714285,0.7836101190476189
26577,0.10961210317460317,0.15810218253968256,0.7322857142857143
26578,0.09602083333333333,0.47593452380952384,0.4280446428571429
26579,0.3643809523809524,0.6356190476190478,0.0
26580,0.1496666666666667,0.20054761904761903,0.6497857142857143
26581,0.1304047619047619,0.2516428571428571,0.617952380952381
26582,0.011625000000000002,0.02025,0.968125
26583,0.02245833333333333,0.0985833333333333,0.8789583333333333
26584,0.09886309523809522,0.16592857142857143,0.7352083333333332
26585,0.06962499999999999,0.5429166666666666,0.38745833333333335
26586,0.27973809523809534,0.40238988095238093,0.31787202380952384
26587,0.16690178571428568,0.3855208333333334,0.447577380952381
26588,0.04116666666666667,0.07923214285714286,0.8796011904761903
26589,0.04214818295739349,0.08716416040100251,0.870687656641604
26590,0.05628273809523809,0.6914513888888891,0.252265873015873
26591,0.16716666666666666,0.8328333333333333,0.0
26592,0.20554166666666668,0.10283333333333333,0.6916249999999999
26593,0.14504761904761904,0.23031547619047626,0.6246369047619048
26594,0.06316666666666666,0.16566666666666666,0.7711666666666666
26595,0.034541666666666665,0.06345833333333334,0.902
26596,0.08350000000000002,0.11387499999999999,0.802625
26597,0.0228125,0.6220535714285715,0.35513392857142856
26598,0.07520833333333334,0.14140476190476192,0.7833869047619045
26599,0.08314583333333334,0.17736309523809524,0.7394910714285716
26600,0.008124999999999999,0.018208333333333333,0.9736666666666668
26601,0.07383333333333333,0.26158333333333333,0.6645833333333333
26602,0.11248809523809525,0.101875,0.7856369047619048
26603,0.043416666666666666,0.15604166666666666,0.8005416666666665
26604,0.11592794486215538,0.13917606516290726,0.7448959899749373
26605,0.013333333333333334,0.02539880952380952,0.961267857142857
26606,0.20741666666666667,0.15637500000000001,0.6362083333333333
26607,0.12879166666666667,0.8680833333333333,0.003125
26608,0.08008928571428571,0.1774642857142857,0.7424464285714285
26609,0.07452976190476193,0.09335119047619049,0.8321190476190476
26610,0.3175625,0.627705357142857,0.05473214285714287
26611,0.14678571428571427,0.20164285714285712,0.6515714285714287
26612,0.10883333333333331,0.410251984126984,0.48091468253968245
26613,0.12103869047619051,0.14371130952380953,0.7352500000000001
26614,0.01075,0.01625,0.973
26615,0.1564583333333333,0.17545833333333336,0.6680833333333337
26616,0.08341666666666668,0.08242261904761904,0.8341607142857144
26617,0.10662499999999998,0.14457738095238096,0.7487976190476189
26618,0.07320833333333333,0.09279166666666666,0.8340000000000001
26619,0.062416666666666655,0.26383333333333336,0.67375
26620,0.07020833333333333,0.9297916666666667,0.0
26621,0.034333333333333334,0.06774999999999999,0.8979166666666666
26622,0.15896726190476193,0.3531369047619048,0.48789583333333325
26623,0.033125,0.4058928571428572,0.560982142857143
26624,0.14965657517597003,0.1636765807302113,0.6866668440938187
26625,0.8118809523809523,0.08549404761904762,0.10262500000000001
26626,0.13422619047619044,0.06990059272654209,0.795873216797267
26627,0.09770833333333333,0.16991071428571425,0.7323809523809522
26628,0.09083333333333332,0.14675,0.7624166666666666
26629,0.022583333333333334,0.0697797619047619,0.9076369047619047
26630,0.06179166666666666,0.08275,0.8554583333333333
26631,0.035583333333333335,0.11425,0.8501666666666666
26632,0.23591666666666672,0.22264285714285717,0.5414404761904761
26633,0.03982440476190476,0.1147470238095238,0.8454285714285714
26634,0.066,0.03145833333333334,0.9025416666666668
26635,0.1379940476190476,0.37373611111111116,0.48826984126984124
26636,0.12329166666666667,0.2839821428571428,0.5927261904761902
26637,0.04604166666666667,0.055392857142857146,0.8985654761904762
26638,0.03548809523809524,0.7814374999999998,0.18307440476190476
26639,0.5628055555555557,0.16439682539682543,0.27279761904761907
26640,0.04920833333333333,0.10425000000000001,0.8465416666666665
26641,0.08664880952380952,0.5945535714285715,0.31879761904761905
26642,0.07267261904761904,0.09246428571428571,0.8348630952380954
26643,0.12318552631578945,0.05920979532163742,0.8176046783625733
26644,0.28578571428571425,0.12248214285714287,0.5917321428571429
26645,0.07047619047619047,0.08935714285714286,0.8401666666666665
26646,0.40690773809523806,0.08985416666666665,0.5032380952380953
26647,0.11927976190476189,0.1455297619047619,0.7351904761904762
26648,0.0803720238095238,0.3774821428571428,0.5421458333333333
26649,0.07091369047619048,0.06466666666666666,0.8644196428571428
26650,0.57425,0.4190416666666667,0.006708333333333333
26651,0.439797619047619,0.559577380952381,0.000625
26652,0.08566666666666664,0.030940476190476192,0.8833928571428572
26653,0.23624007936507938,0.08184325396825397,0.6819166666666665
26654,0.12566666666666668,0.5577083333333334,0.316625
26655,0.10552678571428574,0.31816071428571435,0.5763125
26656,0.05751190476190475,0.1914672619047619,0.7510208333333332
26657,0.06189285714285714,0.1990059523809524,0.7391011904761905
26658,0.13150000000000003,0.17712499999999998,0.6913750000000001
26659,0.16413095238095238,0.17816071428571426,0.6577083333333335
26660,0.13500000000000004,0.47919940476190453,0.3858005952380953
26661,0.035625,0.15804166666666666,0.8063333333333336
26662,0.041119047619047625,0.11386011904761906,0.8450208333333334
26663,0.11273214285714284,0.40220535714285716,0.48506250000000006
26664,0.11825000000000001,0.11820833333333336,0.7635416666666667
26665,0.1578690476190476,0.3083660714285714,0.5337648809523811
26666,0.02661111111111111,0.5571706349206351,0.41621825396825396
26667,0.03922916666666666,0.15917559523809524,0.8015952380952379
26668,0.11451190476190476,0.39119047619047614,0.49429761904761904
26669,0.031315476190476185,0.25374851190476194,0.7149360119047619
26670,0.08296726190476189,0.20973809523809522,0.7072946428571427
26671,0.09851047127986613,0.15409049769559888,0.7473990310245351
26672,0.0845515873015873,0.107125,0.8083234126984127
26673,0.18201190476190474,0.1669761904761905,0.651011904761905
26674,0.4919940476190476,0.07154761904761904,0.4364583333333333
26675,0.06627083333333333,0.2909285714285714,0.6428005952380951
26676,0.09316666666666666,0.09495238095238095,0.8118809523809523
26677,0.02270833333333333,0.04645833333333334,0.9308333333333333
26678,0.06247619047619048,0.268404761904762,0.6691190476190475
26679,0.24052083333333332,0.17089285714285715,0.5885863095238094
26680,0.16944345238095238,0.1559404761904762,0.6746160714285714
26681,0.04562499999999999,0.18482142857142855,0.7695535714285717
26682,0.07556249999999999,0.2550833333333334,0.6693541666666668
26683,0.04499999999999999,0.321235119047619,0.6337648809523811
26684,0.021375,0.15820833333333334,0.8204166666666667
26685,0.06545833333333334,0.07133333333333333,0.8632083333333334
26686,0.041333333333333326,0.10579166666666667,0.852875
26687,0.24320238095238092,0.11429166666666665,0.6425059523809523
26688,0.2734761904761905,0.44860714285714304,0.2779166666666667
26689,0.021125,0.17060119047619046,0.8082738095238097
26690,0.01125,0.20629166666666662,0.7824583333333334
26691,0.06563690476190476,0.13629761904761906,0.7980654761904762
26692,0.012916666666666665,0.16036309523809525,0.8267202380952382
26693,0.08962500000000002,0.27841666666666665,0.6319583333333334
26694,0.4815853174603176,0.513831349206349,0.004583333333333333
26695,0.13962499999999994,0.09429166666666668,0.7660833333333333
26696,0.030958333333333327,0.042124999999999996,0.9269166666666666
26697,0.0745654761904762,0.06762499999999999,0.8578095238095238
26698,0.0939702380952381,0.03958333333333334,0.8664464285714287
26699,0.1423422619047619,0.3668839285714285,0.49077380952380956
26700,0.1226964285714286,0.23876190476190476,0.6385416666666667
26701,0.1780416666666667,0.41960416666666667,0.4023541666666667
26702,0.20537499999999997,0.4214494047619048,0.37317559523809524
26703,0.04869642857142858,0.12033333333333333,0.8309702380952381
26704,0.14118452380952382,0.16813392857142856,0.6906815476190475
26705,0.046291666666666675,0.1447916666666667,0.8089166666666666
26706,0.1454642857142857,0.11951015406162467,0.7350255602240898
26707,0.42386904761904776,0.15010714285714288,0.42602380952380947
26708,0.05131845238095238,0.21949404761904767,0.7291874999999998
26709,0.1569166666666667,0.11585416666666669,0.7272291666666666
26710,0.1866190476190476,0.31220833333333325,0.5011726190476191
26711,0.22530357142857146,0.045438291139240514,0.7292581374321881
26712,0.03500749063670412,0.20711296147672556,0.7578795478865703
26713,0.13858333333333334,0.18849999999999997,0.6729166666666668
26714,0.09217261904761904,0.17469642857142859,0.7331309523809527
26715,0.029979166666666664,0.4670287698412698,0.5029920634920635
26716,0.0805188492063492,0.48529067460317454,0.4341904761904762
26717,0.09,0.16225,0.74775
26718,0.09627380952380954,0.13926190476190475,0.7644642857142857
26719,0.08569940476190474,0.20083035714285719,0.713470238095238
26720,0.06041666666666666,0.29930555555555555,0.6402777777777777
26721,0.03145833333333333,0.64375,0.3247916666666667
26722,0.23066666666666674,0.09883333333333333,0.6705000000000002
26723,0.18698809523809523,0.10308333333333332,0.7099285714285714
26724,0.17441666666666666,0.4964791666666667,0.32910416666666653
26725,0.06829761904761904,0.26144940476190476,0.6702529761904762
26726,0.12360416666666665,0.7085654761904763,0.1678303571428571
26727,0.1344345238095238,0.1301607142857143,0.735404761904762
26728,0.21136607142857136,0.3223125,0.4663214285714286
26729,0.21657738095238094,0.16466666666666666,0.6187559523809525
26730,0.02208333333333333,0.7647916666666668,0.21312499999999995
26731,0.041398809523809525,0.177702380952381,0.7808988095238095
26732,0.2055625,0.7944375000000001,0.0
26733,0.04934722222222221,0.03766666666666667,0.9129861111111112
26734,0.07566666666666666,0.11973214285714288,0.8046011904761905
26735,0.05600595238095238,0.1293690476190476,0.814625
26736,0.06404166666666666,0.3097023809523809,0.6262559523809523
26737,0.010541666666666666,0.133827380952381,0.8556309523809525
26738,0.06316666666666668,0.07170238095238095,0.8651309523809523
26739,0.19271737421383647,0.10953301886792452,0.6977496069182391
26740,0.06745238095238096,0.029255952380952382,0.9032916666666666
26741,0.1875416666666667,0.8114583333333333,0.001
26742,0.08085416666666667,0.22100595238095233,0.6981398809523809
26743,0.10465695488721803,0.022848684210526316,0.8724943609022557
26744,0.17623511904761913,0.15785416666666668,0.6659107142857141
26745,0.03564583333333333,0.07225,0.8921041666666666
26746,0.23255654761904757,0.19163095238095237,0.5758125
26747,0.17026686507936506,0.27324404761904747,0.5564890873015872
26748,0.2835029761904762,0.4847053571428573,0.23179166666666667
26749,0.05733333333333333,0.12133333333333333,0.8213333333333332
26750,0.15191666666666664,0.12521428571428572,0.7228690476190477
26751,0.086625,0.1825714285714286,0.7308035714285712
26752,0.1352202380952381,0.38225595238095234,0.4825238095238095
26753,0.0985982972136223,0.07125469641297814,0.8301470063733997
26754,0.034874999999999996,0.10845833333333334,0.8566666666666667
26755,0.04549999999999999,0.12354166666666667,0.8309583333333336
26756,0.20362499999999994,0.064,0.732375
26757,0.17696428571428574,0.043583333333333335,0.779452380952381
26758,0.043125,0.41546130952380933,0.5414136904761905
26759,0.07156249999999999,0.20847916666666666,0.7199583333333334
26760,0.08147023809523808,0.37904166666666667,0.5394880952380953
26761,0.08272023809523811,0.08916666666666666,0.8281130952380954
26762,0.043875000000000004,0.08000892857142858,0.8761160714285715
26763,0.0907232142857143,0.24604761904761902,0.6632291666666668
26764,0.06345833333333332,0.27249999999999996,0.6640416666666666
26765,0.052238095238095236,0.048124999999999994,0.8996369047619048
26766,0.04754166666666666,0.42034821428571434,0.5321101190476191
26767,0.1425,0.16362499999999996,0.6938749999999999
26768,0.12075,0.8720833333333334,0.007166666666666666
26769,0.1030625,0.3583095238095239,0.5386279761904762
26770,0.15785714285714283,0.1391269841269841,0.7030158730158731
26771,0.11322916666666667,0.8855208333333334,0.00125
26772,0.5467678571428571,0.09744642857142857,0.35578571428571437
26773,0.15317261904761903,0.2490119047619047,0.5978154761904764
26774,0.08047916666666666,0.14139880952380954,0.7781220238095237
26775,0.096625,0.17816666666666672,0.7252083333333335
26776,0.07195238095238095,0.06610119047619045,0.8619464285714286
26777,0.14723214285714284,0.05962500000000001,0.7931428571428571
26778,0.09688690476190477,0.12248611111111106,0.7806269841269843
26779,0.05299404761904762,0.06572916666666667,0.8812767857142856
26780,0.09833928571428573,0.15419642857142857,0.7474642857142857
26781,0.09100000000000001,0.20141666666666663,0.7075833333333336
26782,0.08435119047619047,0.058625,0.8570238095238095
26783,0.29947222222222225,0.10789583333333339,0.5926319444444443
26784,0.03591269841269841,0.3468035714285715,0.61728373015873
26785,0.04663690476190476,0.09019642857142857,0.8631666666666666
26786,0.3886220238095238,0.11148809523809523,0.4998898809523809
26787,0.029999999999999995,0.034166666666666665,0.9358333333333334
26788,0.14794298245614032,0.32798574561403493,0.5240712719298244
26789,0.306610119047619,0.2904702380952381,0.402919642857143
26790,0.09419444444444444,0.35555257936507934,0.5502529761904761
26791,0.05404761904761905,0.08099404761904763,0.8649583333333333
26792,0.20886904761904762,0.17405952380952375,0.6170714285714286
26793,0.01025595238095238,0.1533670634920635,0.8363769841269842
26794,0.03691666666666667,0.11438690476190477,0.8486964285714287
26795,0.10059082397003745,0.22082327893704295,0.6785858970929195
26796,0.14879166666666663,0.8512083333333333,0.0
26797,0.13608333333333333,0.2566180555555556,0.6072986111111112
26798,0.22732440476190477,0.24729464285714284,0.5253809523809522
26799,0.22093154761904754,0.2212142857142857,0.5578541666666665
26800,0.12675595238095239,0.8699107142857142,0.003333333333333333
26801,0.07795833333333334,0.36219047619047623,0.5598511904761905
26802,0.1405505952380952,0.11658333333333333,0.7428660714285712
26803,0.034916666666666665,0.3119226190476191,0.6531607142857143
26804,0.05812500000000001,0.2215625,0.7203125
26805,0.1355059523809524,0.12905952380952376,0.7354345238095238
26806,0.06472916666666667,0.2363928571428571,0.6988779761904763
26807,0.07722619047619048,0.051,0.8717738095238097
26808,0.06241666666666666,0.22988095238095232,0.7077023809523811
26809,0.10183333333333332,0.09967261904761907,0.7984940476190477
26810,0.09820238095238096,0.18717261904761906,0.7146249999999997
26811,0.06036309523809523,0.07882440476190476,0.8608125000000004
26812,0.17777380952380947,0.10869642857142857,0.713529761904762
26813,0.10983333333333332,0.4462410714285714,0.4439255952380952
26814,0.12958333333333333,0.11041666666666666,0.7600000000000001
26815,0.20386309523809523,0.2685357142857143,0.5276011904761904
26816,0.068125,0.5555059523809525,0.37636904761904755
26817,0.13487500000000002,0.059833333333333336,0.8052916666666667
26818,0.11750000000000002,0.11299999999999999,0.7695000000000001
26819,0.023999999999999994,0.1942648809523809,0.781735119047619
26820,0.4248531746031746,0.551438492063492,0.023708333333333335
26821,0.12650000000000003,0.8323541666666668,0.04114583333333333
26822,0.04229166666666667,0.13979166666666665,0.8179166666666664
26823,0.060833333333333316,0.09404166666666669,0.8451250000000005
26824,0.04317361111111111,0.17029166666666665,0.7865347222222225
26825,0.15099007936507935,0.17147023809523812,0.6775396825396824
26826,0.15620833333333334,0.060666666666666674,0.783125
26827,0.041624999999999995,0.10951785714285714,0.8488571428571429
26828,0.0794236111111111,0.09792361111111109,0.8226527777777777
26829,0.041916666666666665,0.094125,0.8639583333333334
26830,0.07837896825396826,0.11659722222222221,0.8050238095238094
26831,0.14729166666666668,0.10375,0.7489583333333333
26832,0.06045833333333332,0.04254166666666667,0.897
26833,0.08903769841269842,0.250764880952381,0.6601974206349207
26834,0.030819444444444448,0.23543948412698412,0.7337410714285713
26835,0.5682261904761906,0.07245833333333335,0.3593154761904762
26836,0.07189583333333331,0.5745327380952382,0.35357142857142854
26837,0.06762499999999999,0.12115476190476192,0.8112202380952381
26838,0.05135416666666665,0.35213095238095243,0.5965148809523808
26839,0.5408174603174604,0.09757738095238094,0.3616051587301587
26840,0.2846666666666667,0.20904166666666663,0.5062916666666667
26841,0.017458333333333333,0.05408333333333333,0.9284583333333333
26842,0.04655357142857144,0.06984523809523809,0.8836011904761903
26843,0.06716666666666665,0.15649999999999997,0.7763333333333334
26844,0.06354761904761903,0.5515148809523813,0.38493750000000004
26845,0.3179226190476191,0.052125000000000005,0.629952380952381
26846,0.05051785714285715,0.09185714285714283,0.8576250000000001
26847,0.07849702380952381,0.23229464285714285,0.6892083333333333
26848,0.14454365079365078,0.2035952380952381,0.651861111111111
26849,0.142875,0.08779166666666666,0.7693333333333332
26850,0.1580793650793651,0.19577777777777783,0.646142857142857
26851,0.07466666666666667,0.17238988095238095,0.7529434523809523
26852,0.07308333333333333,0.48889583333333336,0.4380208333333333
26853,0.031083333333333334,0.059077380952380965,0.9098392857142857
26854,0.2089345238095238,0.7897321428571429,0.0013333333333333333
26855,0.08120833333333334,0.4573750000000001,0.46141666666666664
26856,0.12769940476190475,0.11331250000000001,0.7589880952380951
26857,0.09683333333333334,0.17679166666666662,0.726375
26858,0.044458333333333336,0.8606011904761904,0.09494047619047617
26859,0.12155357142857143,0.3671071428571428,0.5113392857142857
26860,0.12309325396825399,0.3781567460317461,0.49875000000000014
26861,0.10466666666666664,0.22049999999999995,0.6748333333333334
26862,0.1286706349206349,0.1878749999999999,0.6834543650793651
26863,0.016958333333333332,0.08151388888888889,0.901527777777778
26864,0.10600595238095237,0.38708333333333333,0.5069107142857142
26865,0.08108333333333331,0.06511904761904762,0.853797619047619
26866,0.15004761904761907,0.16723214285714286,0.682720238095238
26867,0.028833333333333336,0.13416666666666668,0.8370000000000002
26868,0.035011904761904765,0.08876190476190475,0.8762261904761904
26869,0.03379166666666667,0.023,0.9432083333333332
26870,0.031625,0.5108869047619048,0.45748809523809525
26871,0.18691666666666668,0.168125,0.6449583333333334
26872,0.06954166666666667,0.15841666666666665,0.7720416666666666
26873,0.1794107142857143,0.2507003968253968,0.5698888888888889
26874,0.07373214285714286,0.43694047619047616,0.489327380952381
26875,0.10362500000000001,0.16420833333333335,0.7321666666666669
26876,0.018875000000000003,0.19683333333333333,0.7842916666666668
26877,0.03725,0.09154166666666667,0.8712083333333334
26878,0.16967559523809528,0.2446785714285714,0.5856458333333332
26879,0.07491071428571427,0.14156249999999998,0.7835267857142858
26880,0.4164166666666666,0.10773809523809526,0.4758452380952381
26881,0.04816666666666666,0.15010416666666665,0.8017291666666666
26882,0.44759126984126973,0.012375,0.5400337301587304
26883,0.05879166666666666,0.14254166666666668,0.7986666666666666
26884,0.10898412698412695,0.39369642857142856,0.4973194444444444
26885,0.04083333333333333,0.10912202380952381,0.8500446428571429
26886,0.1284345238095238,0.07179166666666666,0.7997738095238095
26887,0.09689285714285716,0.0454702380952381,0.8576369047619048
26888,0.19318452380952375,0.21242857142857152,0.5943869047619049
26889,0.0543095238095238,0.11185416666666667,0.8338363095238097
26890,0.1888095238095238,0.31475,0.4964404761904762
26891,0.18383333333333338,0.5599999999999999,0.25616666666666665
26892,0.15270833333333333,0.26312499999999994,0.5841666666666665
26893,0.037333333333333336,0.1419166666666667,0.8207499999999999
26894,0.05820833333333333,0.15204166666666669,0.78975
26895,0.1470714285714286,0.29041666666666666,0.5625119047619047
26896,0.042986111111111114,0.2632906746031746,0.6937232142857142
26897,0.09301190476190475,0.12632142857142858,0.7806666666666666
26898,0.08898809523809527,0.1207559523809524,0.7902559523809524
26899,0.07755357142857143,0.08911904761904763,0.8333273809523807
26900,0.12966666666666665,0.3532827380952381,0.5170505952380953
26901,0.03956944444444445,0.22485416666666666,0.7355763888888887
26902,0.027083333333333334,0.08320833333333333,0.8897083333333334
26903,0.05316666666666668,0.19304166666666667,0.7537916666666665
26904,0.11512499999999999,0.776607142857143,0.10826785714285717
26905,0.15008928571428573,0.16118452380952383,0.6887261904761904
26906,0.057125,0.1528095238095238,0.7900654761904762
26907,0.04616666666666667,0.02345833333333333,0.9303750000000001
26908,0.05062202380952381,0.27317361111111116,0.676204365079365
26909,0.13248809523809524,0.37556845238095254,0.49194345238095233
26910,0.05437499999999999,0.2235833333333333,0.7220416666666667
26911,0.18713392857142858,0.17376488095238096,0.6391011904761905
26912,0.09554166666666668,0.2533690476190476,0.6510892857142858
26913,0.14790476190476196,0.12538690476190475,0.7267083333333335
26914,0.06748214285714284,0.2404285714285714,0.6920892857142857
26915,0.1005,0.12808333333333333,0.7714166666666668
26916,0.21591666666666665,0.7815833333333334,0.0025
26917,0.05452976190476191,0.10502083333333337,0.8404494047619049
26918,0.08022321428571429,0.06349999999999999,0.856276785714286
26919,0.5770744047619049,0.27146130952380954,0.15146428571428575
26920,0.030833333333333334,0.1478154761904762,0.8213511904761905
26921,0.02395833333333333,0.4887976190476191,0.4872440476190476
26922,0.137375,0.644139880952381,0.2184851190476191
26923,0.036041666666666666,0.04058333333333333,0.923375
26924,0.146375,0.09085416666666667,0.7627708333333334
26925,0.05796130952380952,0.16229166666666667,0.7797470238095238
26926,0.12183333333333332,0.227375,0.6507916666666668
26927,0.08474999999999999,0.19922916666666662,0.7160208333333336
26928,0.04166666666666666,0.9566666666666666,0.0016666666666666666
26929,0.06613888888888889,0.3402380952380952,0.5936230158730159
26930,0.02686309523809524,0.40201190476190474,0.5711249999999999
26931,0.22326785714285718,0.7754821428571429,0.00125
26932,0.11846825396825396,0.3905972222222222,0.49093452380952374
26933,0.6398591269841271,0.06638095238095239,0.2937599206349206
26934,0.11739583333333338,0.1059375,0.7766666666666668
26935,0.10115079365079364,0.09903373015873015,0.7998154761904762
26936,0.08110119047619048,0.13514880952380953,0.7837500000000003
26937,0.1112083333333333,0.2655833333333334,0.6232083333333334
26938,0.2427023809523809,0.757297619047619,0.0
26939,0.1565277777777778,0.8117013888888888,0.03177083333333333
26940,0.2126875,0.20475189393939391,0.5825606060606059
26941,0.06980357142857144,0.1815119047619048,0.7486845238095241
26942,0.1427797619047619,0.14879166666666666,0.7084285714285714
26943,0.11699999999999999,0.40695833333333326,0.4760416666666668
26944,0.10166666666666666,0.14108333333333334,0.75725
26945,0.04738888888888889,0.7453492063492064,0.20726190476190479
26946,0.02679166666666666,0.06904166666666667,0.9041666666666667
26947,0.07520833333333334,0.21741666666666665,0.7073750000000001
26948,0.07866666666666668,0.17962499999999995,0.7417083333333333
26949,0.19037500000000002,0.1589583333333333,0.6506666666666666
26950,0.09169047619047617,0.04336011904761904,0.864949404761905
26951,0.5870892857142859,0.12348809523809523,0.28942261904761907
26952,0.18620138888888885,0.2293333333333333,0.5844652777777777
26953,0.036625,0.08062500000000002,0.8827500000000001
26954,0.04549305555555556,0.08200000000000002,0.8725069444444444
26955,0.09437499999999999,0.31775000000000003,0.5878749999999999
26956,0.14757341269841265,0.27341964285714276,0.5790069444444442
26957,0.3937142857142856,0.13370833333333335,0.47257738095238105
26958,0.19810119047619054,0.1921904761904762,0.6097083333333334
26959,0.11354166666666664,0.29369345238095235,0.5927648809523809
26960,0.1835357142857143,0.3052559523809523,0.5112083333333333
26961,0.2719761904761905,0.27229761904761907,0.4557261904761905
26962,0.07849404761904763,0.4238511904761906,0.49765476190476204
26963,0.0755654761904762,0.28610416666666666,0.6383303571428572
26964,0.11104166666666662,0.2123958333333333,0.6765625
26965,0.05252083333333332,0.35106249999999994,0.5964166666666667
26966,0.042986111111111114,0.2632906746031746,0.6937232142857142
26967,0.04379761904761905,0.08254166666666667,0.8736607142857145
26968,0.07602380952380954,0.30983333333333335,0.6141428571428572
26969,0.016805555555555556,0.04873214285714286,0.9344623015873016
26970,0.18431547619047617,0.18218452380952382,0.6335
26971,0.03479166666666667,0.20661011904761914,0.7585982142857141
26972,0.1352083333333333,0.21874999999999997,0.6460416666666666
26973,0.14579166666666668,0.20779166666666665,0.6464166666666666
26974,0.09362500000000001,0.09452976190476191,0.8118452380952381
26975,0.07754166666666666,0.07533333333333332,0.8471249999999999
26976,0.202889880952381,0.7958601190476192,0.00125
26977,0.05020833333333333,0.145625,0.8041666666666666
26978,0.07783333333333334,0.34,0.5821666666666667
26979,0.13637500000000002,0.28945833333333326,0.5741666666666666
26980,0.17371428571428574,0.09664880952380953,0.7296369047619047
26981,0.048916666666666664,0.4111666666666666,0.5399166666666666
26982,0.07554166666666667,0.26124404761904757,0.6632142857142856
26983,0.13970833333333332,0.26030158730158737,0.5999900793650795
26984,0.1281577380952381,0.1544583333333334,0.7173839285714285
26985,0.10354166666666666,0.20183333333333334,0.694625
26986,0.05512499999999999,0.03220833333333333,0.9126666666666666
26987,0.12758134501157758,0.6769272583546605,0.195491396633762
26988,0.0811488095238095,0.23006547619047615,0.6887857142857142
26989,0.08262499999999999,0.10854166666666666,0.8088333333333334
26990,0.0255,0.026958333333333334,0.9475416666666666
26991,0.07258333333333333,0.12419642857142858,0.8032202380952381
26992,0.09649999999999999,0.39412499999999995,0.5093749999999999
26993,0.12270833333333334,0.04879166666666667,0.8284999999999999
26994,0.23900000000000002,0.1416011904761905,0.6193988095238095
26995,0.06082575757575758,0.3312021103896105,0.607972132034632
26996,0.045023809523809515,0.20604166666666665,0.7489345238095243
26997,0.24500099206349207,0.23678769841269845,0.5182113095238097
26998,0.21426488095238086,0.09695833333333333,0.6887767857142858
26999,0.22583333333333336,0.12691666666666668,0.64725
27000,0.04712499999999999,0.34124999999999994,0.6116249999999999
27001,0.050125,0.283672619047619,0.666202380952381
27002,0.12423511904761902,0.291514880952381,0.58425
27003,0.1256875,0.22522916666666665,0.6490833333333333
27004,0.04899999999999999,0.19158333333333333,0.7594166666666667
27005,0.193375,0.3458869047619048,0.46073809523809517
27006,0.09351785714285711,0.11164880952380951,0.7948333333333332
27007,0.15444047619047618,0.40264285714285714,0.4429166666666666
27008,0.12748214285714282,0.3253541666666666,0.5471636904761905
27009,0.06829166666666665,0.23003571428571426,0.7016726190476192
27010,0.02275,0.2729107142857143,0.7043392857142858
27011,0.16323214285714285,0.31155952380952384,0.5252083333333334
27012,0.050360201975527055,0.01342685758513932,0.9362129404393336
27013,0.1055297619047619,0.17802976190476186,0.7164404761904763
27014,0.039799418604651166,0.6938646871539312,0.2663358942414176
27015,0.1589642857142857,0.237577380952381,0.6034583333333334
27016,0.08142857142857145,0.08583928571428573,0.8327321428571427
27017,0.048069444444444435,0.06873214285714285,0.8831984126984128
27018,0.09452083333333333,0.09033333333333335,0.8151458333333335
27019,0.15416666666666667,0.22341071428571424,0.6224226190476191
27020,0.07255952380952381,0.584407738095238,0.3430327380952381
27021,0.0539781746031746,0.30707142857142855,0.6389503968253969
27022,0.08035714285714286,0.18154166666666666,0.7381011904761904
27023,0.0809047619047619,0.2519583333333333,0.6671369047619048
27024,0.15595833333333334,0.21691666666666662,0.6271249999999999
27025,0.15049404761904764,0.037083333333333336,0.812422619047619
27026,0.10261904761904762,0.23407738095238095,0.6633035714285714
27027,0.04291666666666666,0.030125000000000002,0.9269583333333336
27028,0.19424999999999998,0.2402678571428572,0.5654821428571428
27029,0.024791666666666667,0.18757738095238097,0.7876309523809522
27030,0.04544642857142856,0.6418660714285715,0.3126875000000001
27031,0.4481130952380951,0.2135684523809524,0.33831845238095243
27032,0.07744940476190475,0.2519226190476191,0.6706279761904761
27033,0.10929166666666668,0.06899999999999999,0.8217083333333335
27034,0.19083928571428566,0.2690982142857143,0.5400624999999999
27035,0.5151845238095238,0.09495833333333331,0.3898571428571429
27036,0.02495833333333334,0.050499999999999996,0.9245416666666667
27037,0.19036904761904758,0.14979166666666668,0.6598392857142855
27038,0.05139880952380951,0.1469047619047619,0.8016964285714286
27039,0.41766666666666663,0.19760119047619046,0.38473214285714297
27040,0.18496130952380951,0.08541666666666668,0.7296220238095239
27041,0.017708333333333333,0.05088690476190475,0.931404761904762
27042,0.32555357142857133,0.6711130952380953,0.003333333333333333
27043,0.11636904761904762,0.13392261904761907,0.7497083333333333
27044,0.05497916666666667,0.09741666666666667,0.8476041666666667
27045,0.04964880952380952,0.08535416666666668,0.8649970238095238
27046,0.08811111111111108,0.07251388888888889,0.8393749999999999
27047,0.1812261904761905,0.31582738095238094,0.5029464285714286
27048,0.28361309523809525,0.7163869047619049,0.0
27049,0.12759523809523804,0.6348630952380951,0.23754166666666662
27050,0.1514107142857143,0.13676190476190475,0.7118273809523814
27051,0.06679166666666667,0.3133363095238096,0.6198720238095238
27052,0.06504761904761903,0.07158333333333333,0.8633690476190478
27053,0.04756250000000001,0.12952083333333334,0.8229166666666665
27054,0.2164583333333333,0.07741666666666665,0.7061250000000001
27055,0.3738591269841271,0.6228075396825395,0.003333333333333333
27056,0.1275,0.8714999999999999,0.001
27057,0.04974999999999999,0.17996861471861472,0.7702813852813852
27058,0.3400625000000001,0.19645833333333332,0.4634791666666666
27059,0.23358928571428572,0.15735119047619048,0.6090595238095238
27060,0.10000000000000002,0.2689345238095239,0.6310654761904761
27061,0.43886904761904766,0.20045238095238088,0.3606785714285714
27062,0.15872619047619044,0.08869642857142856,0.7525773809523809
27063,0.019416666666666665,0.1255952380952381,0.8549880952380953
27064,0.028312500000000004,0.057961309523809526,0.9137261904761904
27065,0.23305952380952377,0.1755357142857143,0.5914047619047619
27066,0.17993452380952377,0.05930357142857143,0.7607619047619048
27067,0.201264880952381,0.14813988095238095,0.650595238095238
27068,0.5205287698412698,0.07997023809523808,0.3995009920634922
27069,0.07164583333333334,0.1672023809523809,0.7611517857142859
27070,0.042625,0.08148809523809522,0.8758869047619047
27071,0.06910912698412701,0.18386904761904765,0.7470218253968253
27072,0.025416666666666664,0.24384523809523806,0.730738095238095
27073,0.030648809523809523,0.15554166666666666,0.8138095238095238
27074,0.05321130952380951,0.34359523809523823,0.6031934523809522
27075,0.07664583333333332,0.23481250000000006,0.6885416666666667
27076,0.19268452380952394,0.21011904761904757,0.5971964285714285
27077,0.05666666666666667,0.11254166666666666,0.8307916666666668
27078,0.042791666666666665,0.0450297619047619,0.9121785714285715
27079,0.06347619047619048,0.13962500000000003,0.7968988095238094
27080,0.07620833333333334,0.6154553571428568,0.3083363095238095
27081,0.1016547619047619,0.05179166666666667,0.8465535714285712
27082,0.05123214285714285,0.08626785714285715,0.8625000000000002
27083,0.11608333333333333,0.22054166666666666,0.6633750000000002
27084,0.11788095238095238,0.2512559523809523,0.6308630952380951
27085,0.12641170634920634,0.07660416666666667,0.7969841269841268
27086,0.2613809523809524,0.18625892857142856,0.5523601190476191
27087,0.0601359649122807,0.08854824561403507,0.8513157894736842
27088,0.018541666666666668,0.10735714285714286,0.8741011904761904
27089,0.029875000000000002,0.10451785714285712,0.8656071428571428
27090,0.03770833333333334,0.07631547619047621,0.8859761904761905
27091,0.293702380952381,0.11764880952380953,0.5886488095238096
27092,0.1397043650793651,0.826503968253968,0.033791666666666664
27093,0.07011309523809524,0.34325000000000006,0.5866369047619048
27094,0.07420833333333332,0.13928571428571426,0.7865059523809523
27095,0.015499999999999998,0.008125,0.9763749999999998
27096,0.18538095238095237,0.5175624999999999,0.29705654761904765
